#### Schaffer
rank ,         name ,    med   ,  iqr 
----------------------------------------------------
   1 ,           SA ,       2  ,     0 (*              |              ), 2.00,  2.00,  2.00,  2.00,  2.00
   1 ,           SA ,       2  ,     0 (*              |              ), 2.00,  2.00,  2.00,  2.00,  2.00
   1 ,           SA ,       2  ,     0 (*              |              ), 2.00,  2.00,  2.00,  2.00,  2.00
   1 ,           GA ,       2  ,     0 (*              |              ), 2.00,  2.00,  2.00,  2.00,  2.00
   1 ,           SA ,       2  ,     0 (*              |              ), 2.00,  2.00,  2.00,  2.00,  2.00
   1 ,           GA ,       2  ,     0 (*              |              ), 2.00,  2.00,  2.00,  2.00,  2.00
   1 ,           GA ,       2  ,     0 (*              |              ), 2.01,  2.01,  2.01,  2.01,  2.01
   1 ,          MWS ,       2  ,     0 (*              |              ), 2.03,  2.03,  2.03,  2.03,  2.03
   1 ,          MWS ,       2  ,     0 (*              |              ), 2.05,  2.05,  2.05,  2.05,  2.05
   1 ,           SA ,       2  ,     0 (*              |              ), 2.09,  2.09,  2.09,  2.09,  2.09
   1 ,           GA ,       2  ,     0 (*              |              ), 2.23,  2.23,  2.23,  2.23,  2.23
   1 ,          MWS ,       2  ,     0 (*              |              ), 2.44,  2.44,  2.44,  2.44,  2.44
   1 ,           GA ,       6  ,     0 (     *         |              ), 6.34,  6.34,  6.34,  6.34,  6.34
   1 ,          MWS ,       6  ,     0 (     *         |              ), 6.76,  6.76,  6.76,  6.76,  6.76
   1 ,          MWS ,      26  ,     0 (               |             *),26.66, 26.66, 26.66, 26.66, 26.66

#### Kursawe
rank ,         name ,    med   ,  iqr 
----------------------------------------------------
   1 ,           SA ,     -13  ,     0 (*              |              ),-13.24, -13.24, -13.24, -13.24, -13.24
   1 ,           SA ,     -12  ,     0 ( *             |              ),-12.82, -12.82, -12.82, -12.82, -12.82
   1 ,           SA ,     -12  ,     0 ( *             |              ),-12.70, -12.70, -12.70, -12.70, -12.70
   1 ,           SA ,     -12  ,     0 ( *             |              ),-12.70, -12.70, -12.70, -12.70, -12.70
   2 ,           GA ,     -12  ,     0 (  *            |              ),-12.45, -12.45, -12.45, -12.45, -12.45
   2 ,           SA ,     -12  ,     0 (  *            |              ),-12.38, -12.38, -12.38, -12.38, -12.38
   2 ,           GA ,     -12  ,     0 (   *           |              ),-12.18, -12.18, -12.18, -12.18, -12.18
   3 ,           GA ,     -10  ,     0 (      *        |              ),-10.98, -10.98, -10.98, -10.98, -10.98
   3 ,           GA ,     -10  ,     0 (       *       |              ),-10.57, -10.57, -10.57, -10.57, -10.57
   3 ,          MWS ,     -10  ,     0 (        *      |              ),-10.24, -10.24, -10.24, -10.24, -10.24
   3 ,           GA ,      -9  ,     0 (          *    |              ),-9.70, -9.70, -9.70, -9.70, -9.70
   4 ,          MWS ,      -7  ,     0 (               |  *           ),-7.13, -7.13, -7.13, -7.13, -7.13
   4 ,          MWS ,      -6  ,     0 (               |    *         ),-6.50, -6.50, -6.50, -6.50, -6.50
   5 ,          MWS ,      -4  ,     0 (               |         *    ),-4.78, -4.78, -4.78, -4.78, -4.78
   5 ,          MWS ,      -3  ,     0 (               |             *),-3.15, -3.15, -3.15, -3.15, -3.15

#### Fonseca
rank ,         name ,    med   ,  iqr 
----------------------------------------------------
   1 ,           SA ,       1  ,     0 (*              |              ), 1.00,  1.00,  1.00,  1.00,  1.00
   1 ,           GA ,       1  ,     0 (*              |              ), 1.00,  1.00,  1.00,  1.00,  1.00
   1 ,           SA ,       1  ,     0 (*              |              ), 1.00,  1.00,  1.00,  1.00,  1.00
   1 ,           SA ,       1  ,     0 (*              |              ), 1.00,  1.00,  1.00,  1.00,  1.00
   1 ,           SA ,       1  ,     0 (*              |              ), 1.01,  1.01,  1.01,  1.01,  1.01
   1 ,           SA ,       1  ,     0 ( *             |              ), 1.06,  1.06,  1.06,  1.06,  1.06
   1 ,          MWS ,       1  ,     0 (  *            |              ), 1.09,  1.09,  1.09,  1.09,  1.09
   2 ,           GA ,       1  ,     0 (     *         |              ), 1.19,  1.19,  1.19,  1.19,  1.19
   2 ,           GA ,       1  ,     0 (      *        |              ), 1.22,  1.22,  1.22,  1.22,  1.22
   2 ,           GA ,       1  ,     0 (       *       |              ), 1.25,  1.25,  1.25,  1.25,  1.25
   2 ,          MWS ,       1  ,     0 (        *      |              ), 1.26,  1.26,  1.26,  1.26,  1.26
   2 ,           GA ,       1  ,     0 (        *      |              ), 1.27,  1.27,  1.27,  1.27,  1.27
   3 ,          MWS ,       1  ,     0 (               |*             ), 1.54,  1.54,  1.54,  1.54,  1.54
   3 ,          MWS ,       1  ,     0 (               |        *     ), 1.78,  1.78,  1.78,  1.78,  1.78
   3 ,          MWS ,       1  ,     0 (               |             *), 1.96,  1.96,  1.96,  1.96,  1.96

#### ZDT1
rank ,         name ,    med   ,  iqr 
----------------------------------------------------
   1 ,           GA ,       6  ,     0 (*              |              ), 6.79,  6.79,  6.79,  6.79,  6.79
   1 ,           GA ,       6  ,     0 ( *             |              ), 6.95,  6.95,  6.95,  6.95,  6.95
   1 ,           SA ,       7  ,     0 (  *            |              ), 7.00,  7.00,  7.00,  7.00,  7.00
   1 ,           SA ,       7  ,     0 (  *            |              ), 7.07,  7.07,  7.07,  7.07,  7.07
   2 ,           GA ,       7  ,     0 (   *           |              ), 7.17,  7.17,  7.17,  7.17,  7.17
   2 ,           SA ,       7  ,     0 (    *          |              ), 7.21,  7.21,  7.21,  7.21,  7.21
   3 ,           SA ,       7  ,     0 (       *       |              ), 7.46,  7.46,  7.46,  7.46,  7.46
   3 ,           SA ,       7  ,     0 (       *       |              ), 7.50,  7.50,  7.50,  7.50,  7.50
   3 ,           GA ,       7  ,     0 (        *      |              ), 7.57,  7.57,  7.57,  7.57,  7.57
   3 ,           GA ,       7  ,     0 (           *   |              ), 7.83,  7.83,  7.83,  7.83,  7.83
   4 ,          MWS ,       8  ,     0 (               |*             ), 8.33,  8.33,  8.33,  8.33,  8.33
   4 ,          MWS ,       8  ,     0 (               |     *        ), 8.81,  8.81,  8.81,  8.81,  8.81
   4 ,          MWS ,       9  ,     0 (               |             *), 9.61,  9.61,  9.61,  9.61,  9.61
   4 ,          MWS ,       9  ,     0 (               |             *), 9.62,  9.62,  9.62,  9.62,  9.62
   4 ,          MWS ,       9  ,     0 (               |             *), 9.62,  9.62,  9.62,  9.62,  9.62

#### ZDT3
rank ,         name ,    med   ,  iqr 
----------------------------------------------------
   1 ,           SA ,       1  ,     0 (*              |              ), 1.09,  1.09,  1.09,  1.09,  1.09
   1 ,           SA ,       1  ,     0 (*              |              ), 1.13,  1.13,  1.13,  1.13,  1.13
   1 ,           GA ,       1  ,     0 (*              |              ), 1.17,  1.17,  1.17,  1.17,  1.17
   1 ,           SA ,       1  ,     0 (*              |              ), 1.17,  1.17,  1.17,  1.17,  1.17
   1 ,           SA ,       1  ,     0 (*              |              ), 1.18,  1.18,  1.18,  1.18,  1.18
   1 ,           GA ,       1  ,     0 (*              |              ), 1.19,  1.19,  1.19,  1.19,  1.19
   1 ,           SA ,       1  ,     0 (*              |              ), 1.25,  1.25,  1.25,  1.25,  1.25
   1 ,           GA ,       1  ,     0 ( *             |              ), 1.27,  1.27,  1.27,  1.27,  1.27
   1 ,           GA ,       1  ,     0 ( *             |              ), 1.32,  1.32,  1.32,  1.32,  1.32
   1 ,           GA ,       1  ,     0 (    *          |              ), 1.85,  1.85,  1.85,  1.85,  1.85
   2 ,          MWS ,       3  ,     0 (               *              ), 3.54,  3.54,  3.54,  3.54,  3.54
   2 ,          MWS ,       4  ,     0 (               |       *      ), 4.86,  4.86,  4.86,  4.86,  4.86
   2 ,          MWS ,       5  ,     0 (               |        *     ), 5.02,  5.02,  5.02,  5.02,  5.02
   3 ,          MWS ,       5  ,     0 (               |            * ), 5.71,  5.71,  5.71,  5.71,  5.71
   3 ,          MWS ,       5  ,     0 (               |             *), 5.97,  5.97,  5.97,  5.97,  5.97

#### Viennet3
rank ,         name ,    med   ,  iqr 
----------------------------------------------------
   1 ,           SA ,      15  ,     0 (*              |              ),15.98, 15.98, 15.98, 15.98, 15.98
   1 ,           SA ,      15  ,     0 (*              |              ),15.99, 15.99, 15.99, 15.99, 15.99
   2 ,           SA ,      16  ,     0 (*              |              ),16.01, 16.01, 16.01, 16.01, 16.01
   2 ,           SA ,      16  ,     0 (*              |              ),16.01, 16.01, 16.01, 16.01, 16.01
   2 ,           GA ,      16  ,     0 (*              |              ),16.02, 16.02, 16.02, 16.02, 16.02
   3 ,           SA ,      16  ,     0 ( *             |              ),16.12, 16.12, 16.12, 16.12, 16.12
   3 ,           GA ,      16  ,     0 (  *            |              ),16.14, 16.14, 16.14, 16.14, 16.14
   3 ,           GA ,      16  ,     0 (    *          |              ),16.31, 16.31, 16.31, 16.31, 16.31
   4 ,           GA ,      16  ,     0 (         *     |              ),16.73, 16.73, 16.73, 16.73, 16.73
   4 ,          MWS ,      16  ,     0 (          *    |              ),16.77, 16.77, 16.77, 16.77, 16.77
   4 ,           GA ,      16  ,     0 (            *  |              ),16.95, 16.95, 16.95, 16.95, 16.95
   4 ,          MWS ,      17  ,     0 (             * |              ),17.01, 17.01, 17.01, 17.01, 17.01
   4 ,          MWS ,      17  ,     0 (              *|              ),17.14, 17.14, 17.14, 17.14, 17.14
   4 ,          MWS ,      17  ,     0 (               |  *           ),17.40, 17.40, 17.40, 17.40, 17.40
   4 ,          MWS ,      18  ,     0 (               |             *),18.31, 18.31, 18.31, 18.31, 18.31

#### DTLZ7
rank ,         name ,    med   ,  iqr 
----------------------------------------------------
   1 ,           GA ,    3233  ,     0 (*              |              ),3233.17, 3233.17, 3233.17, 3233.17, 3233.17
   1 ,           SA ,    3277  ,     0 (*              |              ),3277.16, 3277.16, 3277.16, 3277.16, 3277.16
   1 ,           GA ,    3348  ,     0 (*              |              ),3348.51, 3348.51, 3348.51, 3348.51, 3348.51
   2 ,           SA ,    3423  ,     0 (*              |              ),3423.44, 3423.44, 3423.44, 3423.44, 3423.44
   2 ,           GA ,    3484  ,     0 (*              |              ),3484.58, 3484.58, 3484.58, 3484.58, 3484.58
   2 ,           SA ,    3520  ,     0 (*              |              ),3520.12, 3520.12, 3520.12, 3520.12, 3520.12
   3 ,           GA ,    3799  ,     0 (*              |              ),3799.92, 3799.92, 3799.92, 3799.92, 3799.92
   3 ,           SA ,    3890  ,     0 (*              |              ),3890.49, 3890.49, 3890.49, 3890.49, 3890.49
   4 ,           SA ,    3927  ,     0 (*              |              ),3927.49, 3927.49, 3927.49, 3927.49, 3927.49
   5 ,           GA ,    4314  ,     0 (*              |              ),4314.17, 4314.17, 4314.17, 4314.17, 4314.17
   5 ,          MWS ,    4363  ,     0 (*              |              ),4363.95, 4363.95, 4363.95, 4363.95, 4363.95
   6 ,          MWS ,    5579  ,     0 ( *             |              ),5579.18, 5579.18, 5579.18, 5579.18, 5579.18
   7 ,          MWS ,    6864  ,     0 ( *             |              ),6864.79, 6864.79, 6864.79, 6864.79, 6864.79
   8 ,          MWS ,    11985  ,     0 (    *          |              ),11985.83, 11985.83, 11985.83, 11985.83, 11985.83
   9 ,          MWS ,    68406  ,     0 (               |             *),68406.50, 68406.50, 68406.50, 68406.50, 68406.50

